VIAVI Solutions,JD785B,PLM21190,3.110.023

<Mode>
Spectrum / OTA Route Map
 
Latitude:,37'33"6.27N
Longitude:,126'58"50.83E
Time:,2025-10-13 16:43:15 
 
<Setup>
Center Frequency:,765.000000,MHz
Span:,20.000000,MHz
Start Frequency:,755.000000,MHz
Stop Frequency:,775.000000,MHz
Channel :,5350 FWD
Channel Standard :,Band Global
Preamp:,Off
Attenuation:,20,dB
External Offset:,On,0.000000,dB
Freq Reference:,GPS
Trigger Source:,Internal
Trigger:,Free Run
Mode:,Sweep
Detector:,RMS
RBW [A]:,100 kHz
VBW [A]:,100 kHz
Sweep Time:,10.73 ms
Average:,1
 
Number,RSSI,,Lower,,Upper,,ACP,Latitude,,,,Longitude,,,,Time
0,-75.90,dBm,-39.44,dBm,29.51,dB,24.52,dB,N,37,32,50.448906,E,126,58,53.942039,2025-10-13-16:12:31
Number,RSSI,,Lower,,Upper,,ACP,Latitude,,,,Longitude,,,,Time
1,-72.94,dBm,-35.90,dBm,41.49,dB,17.53,dB,N,37,32,49.958858,E,126,58,54.482700,2025-10-13-16:12:44
Number,RSSI,,Lower,,Upper,,ACP,Latitude,,,,Longitude,,,,Time
2,-68.91,dBm,-38.01,dBm,25.94,dB,17.69,dB,N,37,32,49.713833,E,126,58,55.100597,2025-10-13-16:12:51
Number,RSSI,,Lower,,Upper,,ACP,Latitude,,,,Longitude,,,,Time
3,-80.11,dBm,-38.71,dBm,33.77,dB,21.90,dB,N,37,32,49.530064,E,126,58,55.718494,2025-10-13-16:12:57
Number,RSSI,,Lower,,Upper,,ACP,Latitude,,,,Longitude,,,,Time
4,-69.35,dBm,-37.65,dBm,34.75,dB,24.24,dB,N,37,32,49.346298,E,126,58,56.413631,2025-10-13-16:13:4
Number,RSSI,,Lower,,Upper,,ACP,Latitude,,,,Longitude,,,,Time
5,-74.52,dBm,-39.47,dBm,41.30,dB,40.57,dB,N,37,32,49.346298,E,126,58,57.031528,2025-10-13-16:13:12
Number,RSSI,,Lower,,Upper,,ACP,Latitude,,,,Longitude,,,,Time
6,-81.56,dBm,-39.53,dBm,29.67,dB,28.22,dB,N,37,32,49.652576,E,126,58,57.649426,2025-10-13-16:13:24
Number,RSSI,,Lower,,Upper,,ACP,Latitude,,,,Longitude,,,,Time
7,-79.54,dBm,-39.51,dBm,28.60,dB,17.07,dB,N,37,32,49.775089,E,126,58,58.267323,2025-10-13-16:13:34
Number,RSSI,,Lower,,Upper,,ACP,Latitude,,,,Longitude,,,,Time
8,-79.86,dBm,-40.63,dBm,33.89,dB,25.10,dB,N,37,32,49.652576,E,126,58,58.885220,2025-10-13-16:13:46
Number,RSSI,,Lower,,Upper,,ACP,Latitude,,,,Longitude,,,,Time
9,-74.65,dBm,-44.76,dBm,32.83,dB,20.11,dB,N,37,32,49.346298,E,126,58,59.503117,2025-10-13-16:13:54
Number,RSSI,,Lower,,Upper,,ACP,Latitude,,,,Longitude,,,,Time
10,-80.11,dBm,-42.59,dBm,33.65,dB,22.12,dB,N,37,32,49.040016,E,126,59,0.121016,2025-10-13-16:14:2
Number,RSSI,,Lower,,Upper,,ACP,Latitude,,,,Longitude,,,,Time
11,-81.77,dBm,-50.22,dBm,27.08,dB,23.68,dB,N,37,32,48.611225,E,126,59,0.738914,2025-10-13-16:14:9
Number,RSSI,,Lower,,Upper,,ACP,Latitude,,,,Longitude,,,,Time
12,-80.36,dBm,-35.51,dBm,46.66,dB,19.82,dB,N,37,32,48.121178,E,126,59,1.279574,2025-10-13-16:14:17
Number,RSSI,,Lower,,Upper,,ACP,Latitude,,,,Longitude,,,,Time
13,-79.45,dBm,-42.68,dBm,32.69,dB,24.45,dB,N,37,32,47.631130,E,126,59,1.434049,2025-10-13-16:14:24
Number,RSSI,,Lower,,Upper,,ACP,Latitude,,,,Longitude,,,,Time
14,-83.72,dBm,-43.26,dBm,35.30,dB,27.96,dB,N,37,32,47.141083,E,126,59,1.665760,2025-10-13-16:14:31
Number,RSSI,,Lower,,Upper,,ACP,Latitude,,,,Longitude,,,,Time
15,-80.50,dBm,-48.20,dBm,37.03,dB,25.59,dB,N,37,32,46.651031,E,126,59,2.051946,2025-10-13-16:14:46
Number,RSSI,,Lower,,Upper,,ACP,Latitude,,,,Longitude,,,,Time
16,-82.07,dBm,-50.13,dBm,28.93,dB,28.96,dB,N,37,32,46.160984,E,126,59,2.592607,2025-10-13-16:14:56
Number,RSSI,,Lower,,Upper,,ACP,Latitude,,,,Longitude,,,,Time
17,-72.35,dBm,-47.77,dBm,26.82,dB,22.65,dB,N,37,32,45.670937,E,126,59,3.210505,2025-10-13-16:15:4
Number,RSSI,,Lower,,Upper,,ACP,Latitude,,,,Longitude,,,,Time
18,-77.57,dBm,-50.97,dBm,30.71,dB,26.90,dB,N,37,32,45.242146,E,126,59,3.828403,2025-10-13-16:15:12
Number,RSSI,,Lower,,Upper,,ACP,Latitude,,,,Longitude,,,,Time
19,-82.79,dBm,-43.04,dBm,36.69,dB,25.64,dB,N,37,32,44.813354,E,126,59,4.446300,2025-10-13-16:15:20
Number,RSSI,,Lower,,Upper,,ACP,Latitude,,,,Longitude,,,,Time
20,-77.58,dBm,-44.76,dBm,28.17,dB,29.42,dB,N,37,32,44.323303,E,126,59,5.064198,2025-10-13-16:15:27
Number,RSSI,,Lower,,Upper,,ACP,Latitude,,,,Longitude,,,,Time
21,-85.08,dBm,-44.12,dBm,29.06,dB,29.00,dB,N,37,32,44.078281,E,126,59,5.682096,2025-10-13-16:15:35
Number,RSSI,,Lower,,Upper,,ACP,Latitude,,,,Longitude,,,,Time
22,-75.02,dBm,-43.24,dBm,20.50,dB,30.93,dB,N,37,32,44.445816,E,126,59,6.299994,2025-10-13-16:15:43
Number,RSSI,,Lower,,Upper,,ACP,Latitude,,,,Longitude,,,,Time
23,-82.64,dBm,-29.51,dBm,41.31,dB,27.59,dB,N,37,32,44.629585,E,126,59,6.917891,2025-10-13-16:15:50
Number,RSSI,,Lower,,Upper,,ACP,Latitude,,,,Longitude,,,,Time
24,-72.78,dBm,-38.18,dBm,29.69,dB,22.59,dB,N,37,32,44.078281,E,126,59,7.149603,2025-10-13-16:15:59
Number,RSSI,,Lower,,Upper,,ACP,Latitude,,,,Longitude,,,,Time
25,-76.59,dBm,-41.29,dBm,25.62,dB,23.55,dB,N,37,32,43.588234,E,126,59,7.226840,2025-10-13-16:16:5
Number,RSSI,,Lower,,Upper,,ACP,Latitude,,,,Longitude,,,,Time
26,-80.76,dBm,-42.77,dBm,29.52,dB,27.86,dB,N,37,32,43.098186,E,126,59,7.149603,2025-10-13-16:16:12
Number,RSSI,,Lower,,Upper,,ACP,Latitude,,,,Longitude,,,,Time
27,-70.77,dBm,-38.25,dBm,36.37,dB,24.76,dB,N,37,32,42.546879,E,126,59,7.226840,2025-10-13-16:16:19
Number,RSSI,,Lower,,Upper,,ACP,Latitude,,,,Longitude,,,,Time
28,-78.03,dBm,-35.93,dBm,26.53,dB,26.70,dB,N,37,32,42.056831,E,126,59,7.072365,2025-10-13-16:16:28
Number,RSSI,,Lower,,Upper,,ACP,Latitude,,,,Longitude,,,,Time
29,-75.16,dBm,-34.68,dBm,29.43,dB,20.44,dB,N,37,32,41.566784,E,126,59,6.917891,2025-10-13-16:16:35
Number,RSSI,,Lower,,Upper,,ACP,Latitude,,,,Longitude,,,,Time
30,-70.35,dBm,-45.16,dBm,13.04,dB,41.37,dB,N,37,32,41.076736,E,126,59,6.608942,2025-10-13-16:16:40
Number,RSSI,,Lower,,Upper,,ACP,Latitude,,,,Longitude,,,,Time
31,-79.07,dBm,-41.85,dBm,26.93,dB,25.23,dB,N,37,32,40.586689,E,126,59,5.991045,2025-10-13-16:16:45
Number,RSSI,,Lower,,Upper,,ACP,Latitude,,,,Longitude,,,,Time
32,-67.93,dBm,-44.18,dBm,26.99,dB,24.30,dB,N,37,32,40.096642,E,126,59,5.295909,2025-10-13-16:16:50
Number,RSSI,,Lower,,Upper,,ACP,Latitude,,,,Longitude,,,,Time
33,-76.28,dBm,-42.45,dBm,25.89,dB,29.50,dB,N,37,32,39.667847,E,126,59,4.678012,2025-10-13-16:16:55
Number,RSSI,,Lower,,Upper,,ACP,Latitude,,,,Longitude,,,,Time
34,-76.70,dBm,-37.57,dBm,28.26,dB,29.33,dB,N,37,32,39.177799,E,126,59,4.060114,2025-10-13-16:17:4
Number,RSSI,,Lower,,Upper,,ACP,Latitude,,,,Longitude,,,,Time
35,-64.76,dBm,-32.27,dBm,19.22,dB,36.61,dB,N,37,32,38.687752,E,126,59,3.905640,2025-10-13-16:17:10
Number,RSSI,,Lower,,Upper,,ACP,Latitude,,,,Longitude,,,,Time
36,-62.42,dBm,-25.54,dBm,24.39,dB,38.39,dB,N,37,32,38.197704,E,126,59,3.751165,2025-10-13-16:17:14
Number,RSSI,,Lower,,Upper,,ACP,Latitude,,,,Longitude,,,,Time
37,-65.55,dBm,-32.19,dBm,22.14,dB,32.88,dB,N,37,32,37.707657,E,126,59,3.519454,2025-10-13-16:17:19
Number,RSSI,,Lower,,Upper,,ACP,Latitude,,,,Longitude,,,,Time
38,-70.61,dBm,-34.94,dBm,23.81,dB,32.14,dB,N,37,32,37.217609,E,126,59,3.287742,2025-10-13-16:17:25
Number,RSSI,,Lower,,Upper,,ACP,Latitude,,,,Longitude,,,,Time
39,-73.77,dBm,-42.04,dBm,19.72,dB,41.04,dB,N,37,32,36.727558,E,126,59,3.442216,2025-10-13-16:17:32
Number,RSSI,,Lower,,Upper,,ACP,Latitude,,,,Longitude,,,,Time
40,-76.58,dBm,-44.35,dBm,22.63,dB,31.79,dB,N,37,32,36.237511,E,126,59,3.673928,2025-10-13-16:17:37
Number,RSSI,,Lower,,Upper,,ACP,Latitude,,,,Longitude,,,,Time
41,-74.32,dBm,-44.23,dBm,22.45,dB,30.70,dB,N,37,32,35.747463,E,126,59,4.214589,2025-10-13-16:17:43
Number,RSSI,,Lower,,Upper,,ACP,Latitude,,,,Longitude,,,,Time
42,-75.71,dBm,-43.64,dBm,19.30,dB,30.00,dB,N,37,32,35.379929,E,126,59,4.909723,2025-10-13-16:17:51
Number,RSSI,,Lower,,Upper,,ACP,Latitude,,,,Longitude,,,,Time
43,-75.22,dBm,-42.05,dBm,40.18,dB,37.26,dB,N,37,32,35.012390,E,126,59,5.527621,2025-10-13-16:17:58
Number,RSSI,,Lower,,Upper,,ACP,Latitude,,,,Longitude,,,,Time
44,-76.69,dBm,-42.93,dBm,20.54,dB,28.40,dB,N,37,32,34.522343,E,126,59,5.913807,2025-10-13-16:18:5
Number,RSSI,,Lower,,Upper,,ACP,Latitude,,,,Longitude,,,,Time
45,-79.70,dBm,-35.80,dBm,29.73,dB,29.83,dB,N,37,32,34.032295,E,126,59,6.454468,2025-10-13-16:18:12
Number,RSSI,,Lower,,Upper,,ACP,Latitude,,,,Longitude,,,,Time
46,-83.77,dBm,-43.00,dBm,20.54,dB,42.95,dB,N,37,32,33.542248,E,126,59,6.917891,2025-10-13-16:18:20
Number,RSSI,,Lower,,Upper,,ACP,Latitude,,,,Longitude,,,,Time
47,-78.11,dBm,-40.30,dBm,20.03,dB,32.00,dB,N,37,32,32.990944,E,126,59,6.763417,2025-10-13-16:18:29
Number,RSSI,,Lower,,Upper,,ACP,Latitude,,,,Longitude,,,,Time
48,-77.23,dBm,-44.03,dBm,30.53,dB,33.22,dB,N,37,32,32.500896,E,126,59,6.145519,2025-10-13-16:18:36
Number,RSSI,,Lower,,Upper,,ACP,Latitude,,,,Longitude,,,,Time
49,-82.96,dBm,-50.11,dBm,37.23,dB,23.83,dB,N,37,32,32.072102,E,126,59,5.527621,2025-10-13-16:18:44
Number,RSSI,,Lower,,Upper,,ACP,Latitude,,,,Longitude,,,,Time
50,-74.74,dBm,-50.11,dBm,26.46,dB,26.07,dB,N,37,32,31.520800,E,126,59,5.913807,2025-10-13-16:18:49
Number,RSSI,,Lower,,Upper,,ACP,Latitude,,,,Longitude,,,,Time
51,-80.45,dBm,-50.75,dBm,22.36,dB,22.84,dB,N,37,32,30.969496,E,126,59,6.222756,2025-10-13-16:18:56
Number,RSSI,,Lower,,Upper,,ACP,Latitude,,,,Longitude,,,,Time
52,-76.68,dBm,-50.75,dBm,27.58,dB,33.69,dB,N,37,32,30.418192,E,126,59,6.531705,2025-10-13-16:19:1
Number,RSSI,,Lower,,Upper,,ACP,Latitude,,,,Longitude,,,,Time
53,-77.49,dBm,-45.03,dBm,23.17,dB,33.61,dB,N,37,32,29.928143,E,126,59,6.917891,2025-10-13-16:19:8
Number,RSSI,,Lower,,Upper,,ACP,Latitude,,,,Longitude,,,,Time
54,-78.08,dBm,-49.18,dBm,18.83,dB,27.43,dB,N,37,32,29.989399,E,126,59,7.535789,2025-10-13-16:19:24
Number,RSSI,,Lower,,Upper,,ACP,Latitude,,,,Longitude,,,,Time
55,-72.81,dBm,-46.37,dBm,19.35,dB,34.95,dB,N,37,32,30.295679,E,126,59,8.153687,2025-10-13-16:19:31
Number,RSSI,,Lower,,Upper,,ACP,Latitude,,,,Longitude,,,,Time
56,-78.36,dBm,-50.56,dBm,33.44,dB,32.42,dB,N,37,32,30.050655,E,126,59,8.771585,2025-10-13-16:19:41
Number,RSSI,,Lower,,Upper,,ACP,Latitude,,,,Longitude,,,,Time
57,-73.85,dBm,-48.55,dBm,18.85,dB,25.79,dB,N,37,32,29.683119,E,126,59,9.389482,2025-10-13-16:19:48
Number,RSSI,,Lower,,Upper,,ACP,Latitude,,,,Longitude,,,,Time
58,-77.42,dBm,-44.83,dBm,37.46,dB,39.11,dB,N,37,32,29.315582,E,126,59,10.007380,2025-10-13-16:19:55
Number,RSSI,,Lower,,Upper,,ACP,Latitude,,,,Longitude,,,,Time
59,-79.45,dBm,-41.12,dBm,22.16,dB,38.59,dB,N,37,32,28.948048,E,126,59,10.702515,2025-10-13-16:20:1
Number,RSSI,,Lower,,Upper,,ACP,Latitude,,,,Longitude,,,,Time
60,-78.49,dBm,-46.23,dBm,14.39,dB,31.44,dB,N,37,32,28.703024,E,126,59,11.320413,2025-10-13-16:20:6
Number,RSSI,,Lower,,Upper,,ACP,Latitude,,,,Longitude,,,,Time
61,-79.54,dBm,-49.89,dBm,30.42,dB,36.91,dB,N,37,32,28.519255,E,126,59,12.015548,2025-10-13-16:20:11
Number,RSSI,,Lower,,Upper,,ACP,Latitude,,,,Longitude,,,,Time
62,-74.72,dBm,-49.97,dBm,17.78,dB,29.99,dB,N,37,32,28.274231,E,126,59,12.633445,2025-10-13-16:20:16
Number,RSSI,,Lower,,Upper,,ACP,Latitude,,,,Longitude,,,,Time
63,-78.91,dBm,-43.23,dBm,24.56,dB,24.85,dB,N,37,32,28.029207,E,126,59,13.251343,2025-10-13-16:20:24
Number,RSSI,,Lower,,Upper,,ACP,Latitude,,,,Longitude,,,,Time
64,-77.96,dBm,-41.14,dBm,22.72,dB,36.94,dB,N,37,32,28.519255,E,126,59,13.483054,2025-10-13-16:20:31
Number,RSSI,,Lower,,Upper,,ACP,Latitude,,,,Longitude,,,,Time
65,-71.52,dBm,-38.80,dBm,19.70,dB,32.40,dB,N,37,32,29.009302,E,126,59,13.714767,2025-10-13-16:20:37
Number,RSSI,,Lower,,Upper,,ACP,Latitude,,,,Longitude,,,,Time
66,-72.90,dBm,-40.87,dBm,25.23,dB,27.91,dB,N,37,32,29.499352,E,126,59,13.946478,2025-10-13-16:20:43
Number,RSSI,,Lower,,Upper,,ACP,Latitude,,,,Longitude,,,,Time
67,-83.41,dBm,-40.20,dBm,29.47,dB,29.25,dB,N,37,32,29.989399,E,126,59,14.023715,2025-10-13-16:20:52
Number,RSSI,,Lower,,Upper,,ACP,Latitude,,,,Longitude,,,,Time
68,-76.39,dBm,-41.45,dBm,19.70,dB,40.25,dB,N,37,32,30.540703,E,126,59,14.255426,2025-10-13-16:20:57
Number,RSSI,,Lower,,Upper,,ACP,Latitude,,,,Longitude,,,,Time
69,-77.88,dBm,-40.73,dBm,27.96,dB,27.94,dB,N,37,32,31.030752,E,126,59,14.409901,2025-10-13-16:21:1
Number,RSSI,,Lower,,Upper,,ACP,Latitude,,,,Longitude,,,,Time
70,-79.01,dBm,-42.63,dBm,14.78,dB,41.44,dB,N,37,32,31.643311,E,126,59,14.564376,2025-10-13-16:21:5
Number,RSSI,,Lower,,Upper,,ACP,Latitude,,,,Longitude,,,,Time
71,-78.52,dBm,-44.43,dBm,18.24,dB,40.06,dB,N,37,32,32.194614,E,126,59,14.718850,2025-10-13-16:21:9
Number,RSSI,,Lower,,Upper,,ACP,Latitude,,,,Longitude,,,,Time
72,-80.58,dBm,-41.42,dBm,29.74,dB,38.58,dB,N,37,32,32.684662,E,126,59,14.873324,2025-10-13-16:21:12
Number,RSSI,,Lower,,Upper,,ACP,Latitude,,,,Longitude,,,,Time
73,-75.96,dBm,-40.92,dBm,20.33,dB,32.37,dB,N,37,32,33.297222,E,126,59,15.105036,2025-10-13-16:21:16
Number,RSSI,,Lower,,Upper,,ACP,Latitude,,,,Longitude,,,,Time
74,-74.28,dBm,-44.62,dBm,30.18,dB,29.34,dB,N,37,32,33.909782,E,126,59,15.336747,2025-10-13-16:21:20
Number,RSSI,,Lower,,Upper,,ACP,Latitude,,,,Longitude,,,,Time
75,-76.85,dBm,-41.78,dBm,33.04,dB,32.47,dB,N,37,32,34.461086,E,126,59,15.568460,2025-10-13-16:21:24
Number,RSSI,,Lower,,Upper,,ACP,Latitude,,,,Longitude,,,,Time
76,-77.45,dBm,-42.82,dBm,22.09,dB,34.89,dB,N,37,32,34.951138,E,126,59,15.645697,2025-10-13-16:21:29
Number,RSSI,,Lower,,Upper,,ACP,Latitude,,,,Longitude,,,,Time
77,-77.88,dBm,-46.29,dBm,26.69,dB,20.35,dB,N,37,32,35.441185,E,126,59,15.800171,2025-10-13-16:21:34
Number,RSSI,,Lower,,Upper,,ACP,Latitude,,,,Longitude,,,,Time
78,-72.70,dBm,-42.07,dBm,21.15,dB,34.08,dB,N,37,32,35.992489,E,126,59,15.722934,2025-10-13-16:21:39
Number,RSSI,,Lower,,Upper,,ACP,Latitude,,,,Longitude,,,,Time
79,-82.13,dBm,-43.40,dBm,27.72,dB,26.37,dB,N,37,32,36.482536,E,126,59,15.413985,2025-10-13-16:21:44
Number,RSSI,,Lower,,Upper,,ACP,Latitude,,,,Longitude,,,,Time
80,-78.05,dBm,-43.05,dBm,26.20,dB,24.87,dB,N,37,32,36.972584,E,126,59,14.950562,2025-10-13-16:21:50
Number,RSSI,,Lower,,Upper,,ACP,Latitude,,,,Longitude,,,,Time
81,-75.65,dBm,-47.87,dBm,20.49,dB,33.12,dB,N,37,32,37.462631,E,126,59,14.564376,2025-10-13-16:21:55
Number,RSSI,,Lower,,Upper,,ACP,Latitude,,,,Longitude,,,,Time
82,-78.83,dBm,-43.30,dBm,33.63,dB,22.49,dB,N,37,32,37.952679,E,126,59,14.332664,2025-10-13-16:21:59
Number,RSSI,,Lower,,Upper,,ACP,Latitude,,,,Longitude,,,,Time
83,-74.36,dBm,-44.67,dBm,26.51,dB,27.11,dB,N,37,32,38.442730,E,126,59,13.792004,2025-10-13-16:22:4
Number,RSSI,,Lower,,Upper,,ACP,Latitude,,,,Longitude,,,,Time
84,-67.96,dBm,-36.64,dBm,25.76,dB,24.63,dB,N,37,32,38.932777,E,126,59,13.328580,2025-10-13-16:22:9
Number,RSSI,,Lower,,Upper,,ACP,Latitude,,,,Longitude,,,,Time
85,-79.84,dBm,-45.82,dBm,30.93,dB,15.29,dB,N,37,32,39.422825,E,126,59,13.096869,2025-10-13-16:22:14
Number,RSSI,,Lower,,Upper,,ACP,Latitude,,,,Longitude,,,,Time
86,-76.17,dBm,-43.96,dBm,24.71,dB,25.80,dB,N,37,32,39.974129,E,126,59,12.710682,2025-10-13-16:22:19
Number,RSSI,,Lower,,Upper,,ACP,Latitude,,,,Longitude,,,,Time
87,-70.46,dBm,-33.04,dBm,35.56,dB,29.52,dB,N,37,32,40.525433,E,126,59,12.247259,2025-10-13-16:22:26
Number,RSSI,,Lower,,Upper,,ACP,Latitude,,,,Longitude,,,,Time
88,-79.13,dBm,-41.48,dBm,30.21,dB,22.33,dB,N,37,32,41.015480,E,126,59,11.938310,2025-10-13-16:22:30
Number,RSSI,,Lower,,Upper,,ACP,Latitude,,,,Longitude,,,,Time
89,-84.03,dBm,-39.18,dBm,30.16,dB,20.79,dB,N,37,32,41.505527,E,126,59,11.552124,2025-10-13-16:22:34
Number,RSSI,,Lower,,Upper,,ACP,Latitude,,,,Longitude,,,,Time
90,-75.95,dBm,-40.17,dBm,28.28,dB,38.27,dB,N,37,32,41.995575,E,126,59,11.243176,2025-10-13-16:22:38
Number,RSSI,,Lower,,Upper,,ACP,Latitude,,,,Longitude,,,,Time
91,-79.36,dBm,-44.83,dBm,29.91,dB,25.98,dB,N,37,32,42.485626,E,126,59,11.088700,2025-10-13-16:22:42
Number,RSSI,,Lower,,Upper,,ACP,Latitude,,,,Longitude,,,,Time
92,-86.84,dBm,-47.58,dBm,31.38,dB,24.03,dB,N,37,32,43.036930,E,126,59,10.702515,2025-10-13-16:22:47
Number,RSSI,,Lower,,Upper,,ACP,Latitude,,,,Longitude,,,,Time
93,-77.74,dBm,-41.81,dBm,36.38,dB,38.29,dB,N,37,32,43.526978,E,126,59,10.084617,2025-10-13-16:22:53
Number,RSSI,,Lower,,Upper,,ACP,Latitude,,,,Longitude,,,,Time
94,-72.36,dBm,-43.27,dBm,27.31,dB,34.41,dB,N,37,32,43.955769,E,126,59,9.466720,2025-10-13-16:22:57
Number,RSSI,,Lower,,Upper,,ACP,Latitude,,,,Longitude,,,,Time
95,-73.11,dBm,-41.51,dBm,40.17,dB,28.80,dB,N,37,32,44.323303,E,126,59,8.848822,2025-10-13-16:23:1
Number,RSSI,,Lower,,Upper,,ACP,Latitude,,,,Longitude,,,,Time
96,-73.97,dBm,-45.14,dBm,27.88,dB,32.25,dB,N,37,32,44.813354,E,126,59,8.230924,2025-10-13-16:23:8
Number,RSSI,,Lower,,Upper,,ACP,Latitude,,,,Longitude,,,,Time
97,-69.55,dBm,-36.81,dBm,25.06,dB,15.80,dB,N,37,32,44.997120,E,126,59,7.613026,2025-10-13-16:23:13
Number,RSSI,,Lower,,Upper,,ACP,Latitude,,,,Longitude,,,,Time
98,-72.09,dBm,-38.17,dBm,25.55,dB,21.70,dB,N,37,32,44.935863,E,126,59,6.995128,2025-10-13-16:23:19
Number,RSSI,,Lower,,Upper,,ACP,Latitude,,,,Longitude,,,,Time
99,-71.69,dBm,-32.72,dBm,26.82,dB,26.42,dB,N,37,32,44.445816,E,126,59,6.299994,2025-10-13-16:23:25
Number,RSSI,,Lower,,Upper,,ACP,Latitude,,,,Longitude,,,,Time
100,-78.80,dBm,-42.90,dBm,26.15,dB,20.23,dB,N,37,32,43.955769,E,126,59,5.759333,2025-10-13-16:23:31
Number,RSSI,,Lower,,Upper,,ACP,Latitude,,,,Longitude,,,,Time
101,-70.98,dBm,-40.84,dBm,22.46,dB,26.65,dB,N,37,32,43.404465,E,126,59,5.450384,2025-10-13-16:23:37
Number,RSSI,,Lower,,Upper,,ACP,Latitude,,,,Longitude,,,,Time
102,-83.62,dBm,-44.89,dBm,28.64,dB,22.90,dB,N,37,32,42.914417,E,126,59,5.064198,2025-10-13-16:23:45
Number,RSSI,,Lower,,Upper,,ACP,Latitude,,,,Longitude,,,,Time
103,-74.99,dBm,-40.18,dBm,27.90,dB,29.48,dB,N,37,32,42.363113,E,126,59,4.832486,2025-10-13-16:23:49
Number,RSSI,,Lower,,Upper,,ACP,Latitude,,,,Longitude,,,,Time
104,-73.27,dBm,-40.50,dBm,22.94,dB,28.83,dB,N,37,32,41.995575,E,126,59,4.137352,2025-10-13-16:23:53
Number,RSSI,,Lower,,Upper,,ACP,Latitude,,,,Longitude,,,,Time
105,-66.64,dBm,-34.88,dBm,18.97,dB,30.52,dB,N,37,32,41.873066,E,126,59,3.519454,2025-10-13-16:23:56
Number,RSSI,,Lower,,Upper,,ACP,Latitude,,,,Longitude,,,,Time
106,-80.87,dBm,-40.65,dBm,28.98,dB,37.25,dB,N,37,32,41.689297,E,126,59,2.824319,2025-10-13-16:23:59
Number,RSSI,,Lower,,Upper,,ACP,Latitude,,,,Longitude,,,,Time
107,-71.30,dBm,-41.39,dBm,24.59,dB,28.36,dB,N,37,32,41.566784,E,126,59,2.206421,2025-10-13-16:24:2
Number,RSSI,,Lower,,Upper,,ACP,Latitude,,,,Longitude,,,,Time
108,-82.24,dBm,-44.50,dBm,26.80,dB,33.89,dB,N,37,32,41.383015,E,126,59,1.511286,2025-10-13-16:24:5
Number,RSSI,,Lower,,Upper,,ACP,Latitude,,,,Longitude,,,,Time
109,-75.89,dBm,-45.76,dBm,24.09,dB,27.38,dB,N,37,32,41.199249,E,126,59,0.738914,2025-10-13-16:24:9
Number,RSSI,,Lower,,Upper,,ACP,Latitude,,,,Longitude,,,,Time
110,-79.05,dBm,-48.73,dBm,25.94,dB,32.77,dB,N,37,32,41.137993,E,126,59,0.121016,2025-10-13-16:24:13
Number,RSSI,,Lower,,Upper,,ACP,Latitude,,,,Longitude,,,,Time
111,-78.05,dBm,-47.66,dBm,16.81,dB,27.96,dB,N,37,32,41.321762,E,126,58,59.425880,2025-10-13-16:24:17
Number,RSSI,,Lower,,Upper,,ACP,Latitude,,,,Longitude,,,,Time
112,-75.51,dBm,-40.98,dBm,24.57,dB,35.88,dB,N,37,32,41.505527,E,126,58,58.807983,2025-10-13-16:24:22
Number,RSSI,,Lower,,Upper,,ACP,Latitude,,,,Longitude,,,,Time
113,-71.13,dBm,-36.73,dBm,22.98,dB,24.47,dB,N,37,32,41.383015,E,126,58,58.190086,2025-10-13-16:24:26
Number,RSSI,,Lower,,Upper,,ACP,Latitude,,,,Longitude,,,,Time
114,-77.06,dBm,-40.08,dBm,33.94,dB,31.90,dB,N,37,32,40.954224,E,126,58,57.494949,2025-10-13-16:24:31
Number,RSSI,,Lower,,Upper,,ACP,Latitude,,,,Longitude,,,,Time
115,-79.69,dBm,-37.92,dBm,21.58,dB,25.70,dB,N,37,32,40.586689,E,126,58,56.877052,2025-10-13-16:24:35
Number,RSSI,,Lower,,Upper,,ACP,Latitude,,,,Longitude,,,,Time
116,-82.59,dBm,-46.66,dBm,32.91,dB,34.75,dB,N,37,32,40.280407,E,126,58,56.104679,2025-10-13-16:24:39
Number,RSSI,,Lower,,Upper,,ACP,Latitude,,,,Longitude,,,,Time
117,-78.09,dBm,-46.05,dBm,20.89,dB,26.24,dB,N,37,32,40.280407,E,126,58,55.486782,2025-10-13-16:24:43
Number,RSSI,,Lower,,Upper,,ACP,Latitude,,,,Longitude,,,,Time
118,-70.57,dBm,-38.83,dBm,26.63,dB,28.84,dB,N,37,32,40.770458,E,126,58,54.946121,2025-10-13-16:24:53
Number,RSSI,,Lower,,Upper,,ACP,Latitude,,,,Longitude,,,,Time
119,-76.24,dBm,-46.86,dBm,25.55,dB,31.78,dB,N,37,32,41.321762,E,126,58,54.868885,2025-10-13-16:24:57
Number,RSSI,,Lower,,Upper,,ACP,Latitude,,,,Longitude,,,,Time
120,-76.69,dBm,-44.27,dBm,33.99,dB,29.70,dB,N,37,32,41.873066,E,126,58,54.714413,2025-10-13-16:25:0
Number,RSSI,,Lower,,Upper,,ACP,Latitude,,,,Longitude,,,,Time
121,-77.32,dBm,-45.39,dBm,20.65,dB,42.72,dB,N,37,32,42.363113,E,126,58,54.714413,2025-10-13-16:25:3
Number,RSSI,,Lower,,Upper,,ACP,Latitude,,,,Longitude,,,,Time
122,-79.76,dBm,-46.28,dBm,28.51,dB,18.41,dB,N,37,32,43.036930,E,126,58,54.637173,2025-10-13-16:25:6
Number,RSSI,,Lower,,Upper,,ACP,Latitude,,,,Longitude,,,,Time
123,-77.76,dBm,-47.94,dBm,30.36,dB,31.49,dB,N,37,32,43.526978,E,126,58,54.482700,2025-10-13-16:25:8
Number,RSSI,,Lower,,Upper,,ACP,Latitude,,,,Longitude,,,,Time
124,-77.36,dBm,-39.94,dBm,40.37,dB,18.84,dB,N,37,32,44.017025,E,126,58,54.482700,2025-10-13-16:25:10
Number,RSSI,,Lower,,Upper,,ACP,Latitude,,,,Longitude,,,,Time
125,-73.28,dBm,-39.28,dBm,25.27,dB,22.23,dB,N,37,32,44.507072,E,126,58,54.328224,2025-10-13-16:25:13
Number,RSSI,,Lower,,Upper,,ACP,Latitude,,,,Longitude,,,,Time
126,-81.70,dBm,-45.42,dBm,24.94,dB,25.43,dB,N,37,32,44.997120,E,126,58,54.250988,2025-10-13-16:25:16
Number,RSSI,,Lower,,Upper,,ACP,Latitude,,,,Longitude,,,,Time
127,-74.26,dBm,-48.07,dBm,31.96,dB,23.59,dB,N,37,32,45.548424,E,126,58,54.173752,2025-10-13-16:25:21
Number,RSSI,,Lower,,Upper,,ACP,Latitude,,,,Longitude,,,,Time
128,-78.10,dBm,-40.12,dBm,43.10,dB,26.79,dB,N,37,32,46.160984,E,126,58,54.096512,2025-10-13-16:25:25
Number,RSSI,,Lower,,Upper,,ACP,Latitude,,,,Longitude,,,,Time
129,-79.93,dBm,-45.19,dBm,37.25,dB,26.23,dB,N,37,32,46.712288,E,126,58,54.096512,2025-10-13-16:25:28
Number,RSSI,,Lower,,Upper,,ACP,Latitude,,,,Longitude,,,,Time
130,-78.35,dBm,-43.88,dBm,27.85,dB,24.29,dB,N,37,32,47.202335,E,126,58,54.096512,2025-10-13-16:25:33
Number,RSSI,,Lower,,Upper,,ACP,Latitude,,,,Longitude,,,,Time
131,-80.15,dBm,-47.93,dBm,30.76,dB,21.03,dB,N,37,32,47.753643,E,126,58,53.401379,2025-10-13-16:25:38
Number,RSSI,,Lower,,Upper,,ACP,Latitude,,,,Longitude,,,,Time
132,-75.69,dBm,-46.83,dBm,24.84,dB,27.12,dB,N,37,32,48.243690,E,126,58,52.706242,2025-10-13-16:25:43
Number,RSSI,,Lower,,Upper,,ACP,Latitude,,,,Longitude,,,,Time
133,-77.69,dBm,-42.27,dBm,39.08,dB,29.70,dB,N,37,32,48.733738,E,126,58,52.551769,2025-10-13-16:25:51
Number,RSSI,,Lower,,Upper,,ACP,Latitude,,,,Longitude,,,,Time
134,-70.67,dBm,-31.66,dBm,37.81,dB,29.03,dB,N,37,32,49.285042,E,126,58,53.169666,2025-10-13-16:25:56
Number,RSSI,,Lower,,Upper,,ACP,Latitude,,,,Longitude,,,,Time
135,-77.78,dBm,-37.07,dBm,27.54,dB,27.96,dB,N,37,32,49.713833,E,126,58,53.787563,2025-10-13-16:26:0
Number,RSSI,,Lower,,Upper,,ACP,Latitude,,,,Longitude,,,,Time
136,-80.73,dBm,-39.06,dBm,30.53,dB,29.33,dB,N,37,32,50.142624,E,126,58,54.405460,2025-10-13-16:26:5
Number,RSSI,,Lower,,Upper,,ACP,Latitude,,,,Longitude,,,,Time
137,-76.95,dBm,-39.27,dBm,34.28,dB,35.65,dB,N,37,32,50.693928,E,126,58,55.023361,2025-10-13-16:26:11
Number,RSSI,,Lower,,Upper,,ACP,Latitude,,,,Longitude,,,,Time
138,-72.76,dBm,-41.10,dBm,29.76,dB,18.51,dB,N,37,32,51.245235,E,126,58,55.718494,2025-10-13-16:26:17
Number,RSSI,,Lower,,Upper,,ACP,Latitude,,,,Longitude,,,,Time
139,-82.78,dBm,-45.11,dBm,36.87,dB,26.20,dB,N,37,32,51.735283,E,126,58,56.181919,2025-10-13-16:26:21
Number,RSSI,,Lower,,Upper,,ACP,Latitude,,,,Longitude,,,,Time
140,-76.51,dBm,-45.94,dBm,36.04,dB,24.63,dB,N,37,32,52.286587,E,126,58,56.490868,2025-10-13-16:26:25
Number,RSSI,,Lower,,Upper,,ACP,Latitude,,,,Longitude,,,,Time
141,-74.20,dBm,-41.00,dBm,26.72,dB,17.43,dB,N,37,32,52.899147,E,126,58,56.568104,2025-10-13-16:26:29
Number,RSSI,,Lower,,Upper,,ACP,Latitude,,,,Longitude,,,,Time
142,-75.21,dBm,-42.02,dBm,29.38,dB,21.48,dB,N,37,32,53.450451,E,126,58,56.490868,2025-10-13-16:26:32
Number,RSSI,,Lower,,Upper,,ACP,Latitude,,,,Longitude,,,,Time
143,-66.21,dBm,-35.75,dBm,26.86,dB,22.23,dB,N,37,32,54.001755,E,126,58,56.336391,2025-10-13-16:26:35
Number,RSSI,,Lower,,Upper,,ACP,Latitude,,,,Longitude,,,,Time
144,-81.12,dBm,-42.64,dBm,31.62,dB,28.16,dB,N,37,32,54.491802,E,126,58,56.259155,2025-10-13-16:26:38
Number,RSSI,,Lower,,Upper,,ACP,Latitude,,,,Longitude,,,,Time
145,-68.65,dBm,-41.58,dBm,42.12,dB,16.40,dB,N,37,32,55.043106,E,126,58,56.027443,2025-10-13-16:26:42
Number,RSSI,,Lower,,Upper,,ACP,Latitude,,,,Longitude,,,,Time
146,-75.81,dBm,-36.55,dBm,27.78,dB,22.49,dB,N,37,32,55.655666,E,126,58,55.795731,2025-10-13-16:26:46
Number,RSSI,,Lower,,Upper,,ACP,Latitude,,,,Longitude,,,,Time
147,-91.30,dBm,-42.73,dBm,27.62,dB,15.70,dB,N,37,32,56.206970,E,126,58,55.564022,2025-10-13-16:26:50
Number,RSSI,,Lower,,Upper,,ACP,Latitude,,,,Longitude,,,,Time
148,-83.75,dBm,-44.18,dBm,28.76,dB,17.82,dB,N,37,32,56.819530,E,126,58,55.255070,2025-10-13-16:26:54
Number,RSSI,,Lower,,Upper,,ACP,Latitude,,,,Longitude,,,,Time
149,-79.58,dBm,-45.80,dBm,35.44,dB,23.66,dB,N,37,32,57.432091,E,126,58,54.946121,2025-10-13-16:26:58
Number,RSSI,,Lower,,Upper,,ACP,Latitude,,,,Longitude,,,,Time
150,-76.26,dBm,-34.47,dBm,35.55,dB,25.26,dB,N,37,32,57.922138,E,126,58,54.714413,2025-10-13-16:27:2
Number,RSSI,,Lower,,Upper,,ACP,Latitude,,,,Longitude,,,,Time
151,-70.12,dBm,-36.17,dBm,38.78,dB,30.31,dB,N,37,32,58.473442,E,126,58,54.559937,2025-10-13-16:27:6
Number,RSSI,,Lower,,Upper,,ACP,Latitude,,,,Longitude,,,,Time
152,-72.49,dBm,-28.20,dBm,33.82,dB,20.41,dB,N,37,32,58.963490,E,126,58,54.328224,2025-10-13-16:27:11
Number,RSSI,,Lower,,Upper,,ACP,Latitude,,,,Longitude,,,,Time
153,-75.21,dBm,-41.82,dBm,25.95,dB,33.54,dB,N,37,32,59.453537,E,126,58,54.096512,2025-10-13-16:27:16
Number,RSSI,,Lower,,Upper,,ACP,Latitude,,,,Longitude,,,,Time
154,-75.36,dBm,-44.90,dBm,36.56,dB,19.96,dB,N,37,32,59.943588,E,126,58,53.942039,2025-10-13-16:27:20
Number,RSSI,,Lower,,Upper,,ACP,Latitude,,,,Longitude,,,,Time
155,-63.90,dBm,-30.49,dBm,40.69,dB,19.76,dB,N,37,33,0.433635,E,126,58,53.787563,2025-10-13-16:27:24
Number,RSSI,,Lower,,Upper,,ACP,Latitude,,,,Longitude,,,,Time
156,-78.30,dBm,-42.98,dBm,27.90,dB,39.04,dB,N,37,33,0.984939,E,126,58,53.633091,2025-10-13-16:27:28
Number,RSSI,,Lower,,Upper,,ACP,Latitude,,,,Longitude,,,,Time
157,-81.96,dBm,-37.88,dBm,28.38,dB,19.94,dB,N,37,33,1.536243,E,126,58,53.401379,2025-10-13-16:27:32
Number,RSSI,,Lower,,Upper,,ACP,Latitude,,,,Longitude,,,,Time
158,-81.87,dBm,-45.09,dBm,37.70,dB,31.02,dB,N,37,33,2.026291,E,126,58,53.246902,2025-10-13-16:27:36
Number,RSSI,,Lower,,Upper,,ACP,Latitude,,,,Longitude,,,,Time
159,-73.78,dBm,-41.59,dBm,30.38,dB,22.73,dB,N,37,33,2.577595,E,126,58,53.246902,2025-10-13-16:27:40
Number,RSSI,,Lower,,Upper,,ACP,Latitude,,,,Longitude,,,,Time
160,-78.11,dBm,-48.44,dBm,27.42,dB,24.12,dB,N,37,33,3.128899,E,126,58,53.633091,2025-10-13-16:27:45
Number,RSSI,,Lower,,Upper,,ACP,Latitude,,,,Longitude,,,,Time
161,-81.84,dBm,-45.44,dBm,32.52,dB,22.26,dB,N,37,33,3.618947,E,126,58,53.710327,2025-10-13-16:27:48
Number,RSSI,,Lower,,Upper,,ACP,Latitude,,,,Longitude,,,,Time
162,-75.59,dBm,-43.42,dBm,26.01,dB,21.34,dB,N,37,33,4.170251,E,126,58,53.787563,2025-10-13-16:27:52
Number,RSSI,,Lower,,Upper,,ACP,Latitude,,,,Longitude,,,,Time
163,-73.51,dBm,-41.94,dBm,35.75,dB,18.16,dB,N,37,33,4.660299,E,126,58,53.633091,2025-10-13-16:27:55
Number,RSSI,,Lower,,Upper,,ACP,Latitude,,,,Longitude,,,,Time
164,-76.35,dBm,-40.02,dBm,23.99,dB,37.27,dB,N,37,33,5.150347,E,126,58,53.478615,2025-10-13-16:27:58
Number,RSSI,,Lower,,Upper,,ACP,Latitude,,,,Longitude,,,,Time
165,-79.13,dBm,-38.59,dBm,45.65,dB,29.69,dB,N,37,33,5.640395,E,126,58,52.937954,2025-10-13-16:28:5
Number,RSSI,,Lower,,Upper,,ACP,Latitude,,,,Longitude,,,,Time
166,-70.33,dBm,-28.82,dBm,45.44,dB,22.95,dB,N,37,33,6.069187,E,126,58,52.242821,2025-10-13-16:28:12
Number,RSSI,,Lower,,Upper,,ACP,Latitude,,,,Longitude,,,,Time
167,-63.56,dBm,-25.17,dBm,44.05,dB,27.20,dB,N,37,33,6.130444,E,126,58,51.547684,2025-10-13-16:28:17
Number,RSSI,,Lower,,Upper,,ACP,Latitude,,,,Longitude,,,,Time
168,-64.65,dBm,-28.14,dBm,34.40,dB,24.24,dB,N,37,33,6.130444,E,126,58,50.852551,2025-10-13-16:28:21
Number,RSSI,,Lower,,Upper,,ACP,Latitude,,,,Longitude,,,,Time
169,-66.31,dBm,-30.89,dBm,33.98,dB,19.55,dB,N,37,33,6.191700,E,126,58,50.157413,2025-10-13-16:28:25
Number,RSSI,,Lower,,Upper,,ACP,Latitude,,,,Longitude,,,,Time
170,-72.32,dBm,-37.43,dBm,27.00,dB,22.35,dB,N,37,33,6.191700,E,126,58,49.539516,2025-10-13-16:28:28
Number,RSSI,,Lower,,Upper,,ACP,Latitude,,,,Longitude,,,,Time
171,-65.60,dBm,-35.36,dBm,26.29,dB,25.40,dB,N,37,33,6.252955,E,126,58,48.921619,2025-10-13-16:28:31
Number,RSSI,,Lower,,Upper,,ACP,Latitude,,,,Longitude,,,,Time
172,-77.01,dBm,-37.80,dBm,30.97,dB,26.83,dB,N,37,33,6.436723,E,126,58,48.226486,2025-10-13-16:28:35
Number,RSSI,,Lower,,Upper,,ACP,Latitude,,,,Longitude,,,,Time
173,-81.07,dBm,-41.58,dBm,26.95,dB,22.34,dB,N,37,33,6.988028,E,126,58,47.608585,2025-10-13-16:28:39
Number,RSSI,,Lower,,Upper,,ACP,Latitude,,,,Longitude,,,,Time
174,-77.55,dBm,-49.74,dBm,22.37,dB,24.15,dB,N,37,33,7.539331,E,126,58,47.145164,2025-10-13-16:28:43
Number,RSSI,,Lower,,Upper,,ACP,Latitude,,,,Longitude,,,,Time
175,-77.99,dBm,-51.58,dBm,35.50,dB,17.99,dB,N,37,33,8.090635,E,126,58,46.604504,2025-10-13-16:28:47
Number,RSSI,,Lower,,Upper,,ACP,Latitude,,,,Longitude,,,,Time
176,-77.78,dBm,-47.22,dBm,20.99,dB,28.92,dB,N,37,33,8.641940,E,126,58,46.063843,2025-10-13-16:28:51
Number,RSSI,,Lower,,Upper,,ACP,Latitude,,,,Longitude,,,,Time
177,-82.02,dBm,-47.42,dBm,24.26,dB,28.36,dB,N,37,33,9.193244,E,126,58,45.600418,2025-10-13-16:28:55
Number,RSSI,,Lower,,Upper,,ACP,Latitude,,,,Longitude,,,,Time
178,-75.79,dBm,-49.64,dBm,30.34,dB,23.48,dB,N,37,33,9.683291,E,126,58,45.136997,2025-10-13-16:28:59
Number,RSSI,,Lower,,Upper,,ACP,Latitude,,,,Longitude,,,,Time
179,-80.74,dBm,-47.78,dBm,25.55,dB,28.67,dB,N,37,33,10.234596,E,126,58,44.673573,2025-10-13-16:29:3
Number,RSSI,,Lower,,Upper,,ACP,Latitude,,,,Longitude,,,,Time
180,-76.44,dBm,-47.11,dBm,15.93,dB,31.23,dB,N,37,33,10.785900,E,126,58,44.132912,2025-10-13-16:29:7
Number,RSSI,,Lower,,Upper,,ACP,Latitude,,,,Longitude,,,,Time
181,-75.56,dBm,-44.25,dBm,31.22,dB,31.15,dB,N,37,33,11.275948,E,126,58,43.669491,2025-10-13-16:29:11
Number,RSSI,,Lower,,Upper,,ACP,Latitude,,,,Longitude,,,,Time
182,-77.12,dBm,-48.38,dBm,27.81,dB,33.87,dB,N,37,33,11.827252,E,126,58,43.360538,2025-10-13-16:29:15
Number,RSSI,,Lower,,Upper,,ACP,Latitude,,,,Longitude,,,,Time
183,-78.08,dBm,-40.38,dBm,22.74,dB,33.29,dB,N,37,33,12.439812,E,126,58,43.283302,2025-10-13-16:29:19
Number,RSSI,,Lower,,Upper,,ACP,Latitude,,,,Longitude,,,,Time
184,-77.68,dBm,-43.81,dBm,23.84,dB,32.03,dB,N,37,33,12.929860,E,126,58,43.360538,2025-10-13-16:29:22
Number,RSSI,,Lower,,Upper,,ACP,Latitude,,,,Longitude,,,,Time
185,-73.53,dBm,-44.87,dBm,28.92,dB,32.52,dB,N,37,33,13.419909,E,126,58,43.515015,2025-10-13-16:29:26
Number,RSSI,,Lower,,Upper,,ACP,Latitude,,,,Longitude,,,,Time
186,-82.60,dBm,-46.20,dBm,24.31,dB,31.81,dB,N,37,33,12.807348,E,126,58,43.823963,2025-10-13-16:29:37
Number,RSSI,,Lower,,Upper,,ACP,Latitude,,,,Longitude,,,,Time
187,-76.62,dBm,-45.95,dBm,27.47,dB,35.81,dB,N,37,33,12.194788,E,126,58,43.978439,2025-10-13-16:29:40
Number,RSSI,,Lower,,Upper,,ACP,Latitude,,,,Longitude,,,,Time
188,-78.76,dBm,-46.95,dBm,26.88,dB,26.67,dB,N,37,33,11.582228,E,126,58,44.364624,2025-10-13-16:29:43
Number,RSSI,,Lower,,Upper,,ACP,Latitude,,,,Longitude,,,,Time
189,-78.74,dBm,-49.40,dBm,32.88,dB,18.88,dB,N,37,33,11.092180,E,126,58,45.059757,2025-10-13-16:29:47
Number,RSSI,,Lower,,Upper,,ACP,Latitude,,,,Longitude,,,,Time
190,-82.99,dBm,-46.77,dBm,27.66,dB,24.74,dB,N,37,33,11.704740,E,126,58,45.523182,2025-10-13-16:29:54
Number,RSSI,,Lower,,Upper,,ACP,Latitude,,,,Longitude,,,,Time
191,-79.66,dBm,-47.21,dBm,31.41,dB,35.07,dB,N,37,33,12.256044,E,126,58,45.600418,2025-10-13-16:29:57
Number,RSSI,,Lower,,Upper,,ACP,Latitude,,,,Longitude,,,,Time
192,-80.57,dBm,-46.94,dBm,27.94,dB,23.66,dB,N,37,33,12.929860,E,126,58,45.754894,2025-10-13-16:30:0
Number,RSSI,,Lower,,Upper,,ACP,Latitude,,,,Longitude,,,,Time
193,-72.44,dBm,-44.06,dBm,26.73,dB,33.79,dB,N,37,33,13.419909,E,126,58,45.986607,2025-10-13-16:30:2
Number,RSSI,,Lower,,Upper,,ACP,Latitude,,,,Longitude,,,,Time
194,-79.69,dBm,-45.84,dBm,24.81,dB,26.66,dB,N,37,33,13.909956,E,126,58,46.218319,2025-10-13-16:30:4
Number,RSSI,,Lower,,Upper,,ACP,Latitude,,,,Longitude,,,,Time
195,-78.92,dBm,-45.76,dBm,19.68,dB,22.16,dB,N,37,33,14.400004,E,126,58,46.527267,2025-10-13-16:30:6
Number,RSSI,,Lower,,Upper,,ACP,Latitude,,,,Longitude,,,,Time
196,-74.00,dBm,-50.32,dBm,33.42,dB,28.80,dB,N,37,33,15.073820,E,126,58,46.990688,2025-10-13-16:30:9
Number,RSSI,,Lower,,Upper,,ACP,Latitude,,,,Longitude,,,,Time
197,-77.14,dBm,-52.77,dBm,27.30,dB,24.46,dB,N,37,33,15.625125,E,126,58,47.608585,2025-10-13-16:30:12
Number,RSSI,,Lower,,Upper,,ACP,Latitude,,,,Longitude,,,,Time
198,-83.94,dBm,-52.98,dBm,21.47,dB,26.24,dB,N,37,33,15.992661,E,126,58,48.303722,2025-10-13-16:30:15
Number,RSSI,,Lower,,Upper,,ACP,Latitude,,,,Longitude,,,,Time
199,-73.07,dBm,-42.11,dBm,19.26,dB,33.38,dB,N,37,33,16.482708,E,126,58,48.612671,2025-10-13-16:30:17
Number,RSSI,,Lower,,Upper,,ACP,Latitude,,,,Longitude,,,,Time
200,-81.55,dBm,-48.93,dBm,36.47,dB,23.33,dB,N,37,33,16.788988,E,126,58,49.462280,2025-10-13-16:30:19
Number,RSSI,,Lower,,Upper,,ACP,Latitude,,,,Longitude,,,,Time
201,-82.94,dBm,-52.57,dBm,22.60,dB,23.52,dB,N,37,33,17.095268,E,126,58,50.234653,2025-10-13-16:30:21
Number,RSSI,,Lower,,Upper,,ACP,Latitude,,,,Longitude,,,,Time
202,-77.07,dBm,-50.67,dBm,22.41,dB,28.02,dB,N,37,33,17.279037,E,126,58,50.929787,2025-10-13-16:30:23
Number,RSSI,,Lower,,Upper,,ACP,Latitude,,,,Longitude,,,,Time
203,-87.31,dBm,-49.79,dBm,29.74,dB,20.78,dB,N,37,33,17.401548,E,126,58,51.547684,2025-10-13-16:30:25
Number,RSSI,,Lower,,Upper,,ACP,Latitude,,,,Longitude,,,,Time
204,-78.47,dBm,-42.56,dBm,18.38,dB,25.20,dB,N,37,33,18.014109,E,126,58,51.933872,2025-10-13-16:30:29
Number,RSSI,,Lower,,Upper,,ACP,Latitude,,,,Longitude,,,,Time
205,-75.28,dBm,-33.64,dBm,26.11,dB,40.55,dB,N,37,33,18.504156,E,126,58,51.315975,2025-10-13-16:30:32
Number,RSSI,,Lower,,Upper,,ACP,Latitude,,,,Longitude,,,,Time
206,-68.07,dBm,-36.83,dBm,24.29,dB,24.23,dB,N,37,33,18.994205,E,126,58,50.466366,2025-10-13-16:30:35
Number,RSSI,,Lower,,Upper,,ACP,Latitude,,,,Longitude,,,,Time
207,-76.11,dBm,-36.45,dBm,23.09,dB,23.68,dB,N,37,33,19.361740,E,126,58,49.771229,2025-10-13-16:30:37
Number,RSSI,,Lower,,Upper,,ACP,Latitude,,,,Longitude,,,,Time
208,-66.12,dBm,-35.22,dBm,21.36,dB,34.85,dB,N,37,33,19.729277,E,126,58,48.998856,2025-10-13-16:30:39
Number,RSSI,,Lower,,Upper,,ACP,Latitude,,,,Longitude,,,,Time
209,-75.51,dBm,-38.90,dBm,28.31,dB,31.77,dB,N,37,33,20.158070,E,126,58,48.226486,2025-10-13-16:30:41
Number,RSSI,,Lower,,Upper,,ACP,Latitude,,,,Longitude,,,,Time
210,-76.66,dBm,-40.92,dBm,27.84,dB,25.85,dB,N,37,33,20.648117,E,126,58,47.376877,2025-10-13-16:30:43
Number,RSSI,,Lower,,Upper,,ACP,Latitude,,,,Longitude,,,,Time
211,-71.45,dBm,-35.62,dBm,23.12,dB,29.13,dB,N,37,33,21.076910,E,126,58,46.604504,2025-10-13-16:30:45
Number,RSSI,,Lower,,Upper,,ACP,Latitude,,,,Longitude,,,,Time
212,-59.70,dBm,-32.41,dBm,27.89,dB,31.47,dB,N,37,33,21.505701,E,126,58,45.754894,2025-10-13-16:30:47
Number,RSSI,,Lower,,Upper,,ACP,Latitude,,,,Longitude,,,,Time
213,-72.96,dBm,-34.31,dBm,22.85,dB,23.69,dB,N,37,33,21.873238,E,126,58,45.059757,2025-10-13-16:30:49
Number,RSSI,,Lower,,Upper,,ACP,Latitude,,,,Longitude,,,,Time
214,-79.62,dBm,-42.53,dBm,23.32,dB,27.80,dB,N,37,33,22.179518,E,126,58,44.364624,2025-10-13-16:30:51
Number,RSSI,,Lower,,Upper,,ACP,Latitude,,,,Longitude,,,,Time
215,-74.37,dBm,-38.20,dBm,24.73,dB,30.76,dB,N,37,33,22.240774,E,126,58,43.592251,2025-10-13-16:30:53
Number,RSSI,,Lower,,Upper,,ACP,Latitude,,,,Longitude,,,,Time
216,-83.69,dBm,-43.83,dBm,31.29,dB,29.90,dB,N,37,33,22.179518,E,126,58,42.897118,2025-10-13-16:30:55
Number,RSSI,,Lower,,Upper,,ACP,Latitude,,,,Longitude,,,,Time
217,-82.16,dBm,-44.33,dBm,21.30,dB,25.57,dB,N,37,33,22.118261,E,126,58,42.201981,2025-10-13-16:30:57
Number,RSSI,,Lower,,Upper,,ACP,Latitude,,,,Longitude,,,,Time
218,-75.42,dBm,-38.62,dBm,24.57,dB,26.44,dB,N,37,33,22.057005,E,126,58,41.584084,2025-10-13-16:30:59
Number,RSSI,,Lower,,Upper,,ACP,Latitude,,,,Longitude,,,,Time
219,-72.18,dBm,-39.82,dBm,33.78,dB,20.66,dB,N,37,33,21.934494,E,126,58,40.888950,2025-10-13-16:31:2
Number,RSSI,,Lower,,Upper,,ACP,Latitude,,,,Longitude,,,,Time
220,-73.97,dBm,-36.63,dBm,28.26,dB,20.82,dB,N,37,33,21.873238,E,126,58,40.271053,2025-10-13-16:31:5
Number,RSSI,,Lower,,Upper,,ACP,Latitude,,,,Longitude,,,,Time
221,-75.95,dBm,-37.92,dBm,31.81,dB,29.54,dB,N,37,33,21.934494,E,126,58,39.653152,2025-10-13-16:31:39
Number,RSSI,,Lower,,Upper,,ACP,Latitude,,,,Longitude,,,,Time
222,-78.22,dBm,-40.18,dBm,23.09,dB,19.87,dB,N,37,33,21.811981,E,126,58,38.958019,2025-10-13-16:31:42
Number,RSSI,,Lower,,Upper,,ACP,Latitude,,,,Longitude,,,,Time
223,-81.31,dBm,-37.89,dBm,39.15,dB,29.40,dB,N,37,33,21.689468,E,126,58,38.340122,2025-10-13-16:31:44
Number,RSSI,,Lower,,Upper,,ACP,Latitude,,,,Longitude,,,,Time
224,-76.44,dBm,-39.64,dBm,27.07,dB,24.83,dB,N,37,33,21.505701,E,126,58,37.644985,2025-10-13-16:31:46
Number,RSSI,,Lower,,Upper,,ACP,Latitude,,,,Longitude,,,,Time
225,-73.41,dBm,-30.78,dBm,27.82,dB,28.06,dB,N,37,33,21.076910,E,126,58,37.027088,2025-10-13-16:31:48
Number,RSSI,,Lower,,Upper,,ACP,Latitude,,,,Longitude,,,,Time
226,-76.43,dBm,-36.73,dBm,22.36,dB,18.08,dB,N,37,33,20.525604,E,126,58,36.640903,2025-10-13-16:31:50
Number,RSSI,,Lower,,Upper,,ACP,Latitude,,,,Longitude,,,,Time
227,-77.10,dBm,-34.92,dBm,17.39,dB,31.20,dB,N,37,33,19.974300,E,126,58,36.254715,2025-10-13-16:31:52
Number,RSSI,,Lower,,Upper,,ACP,Latitude,,,,Longitude,,,,Time
228,-71.32,dBm,-37.91,dBm,17.99,dB,26.23,dB,N,37,33,19.361740,E,126,58,36.177479,2025-10-13-16:31:54
Number,RSSI,,Lower,,Upper,,ACP,Latitude,,,,Longitude,,,,Time
229,-69.52,dBm,-35.98,dBm,29.21,dB,27.85,dB,N,37,33,18.871693,E,126,58,36.486427,2025-10-13-16:31:56
Number,RSSI,,Lower,,Upper,,ACP,Latitude,,,,Longitude,,,,Time
230,-78.36,dBm,-36.12,dBm,32.07,dB,21.90,dB,N,37,33,18.381645,E,126,58,37.104324,2025-10-13-16:31:59
Number,RSSI,,Lower,,Upper,,ACP,Latitude,,,,Longitude,,,,Time
231,-70.62,dBm,-36.58,dBm,29.88,dB,26.49,dB,N,37,33,18.014109,E,126,58,37.722225,2025-10-13-16:32:2
Number,RSSI,,Lower,,Upper,,ACP,Latitude,,,,Longitude,,,,Time
232,-74.24,dBm,-36.05,dBm,32.91,dB,46.97,dB,N,37,33,17.707829,E,126,58,38.340122,2025-10-13-16:32:4
Number,RSSI,,Lower,,Upper,,ACP,Latitude,,,,Longitude,,,,Time
233,-72.59,dBm,-36.00,dBm,29.49,dB,19.01,dB,N,37,33,17.217781,E,126,58,39.112492,2025-10-13-16:32:6
Number,RSSI,,Lower,,Upper,,ACP,Latitude,,,,Longitude,,,,Time
234,-72.46,dBm,-39.20,dBm,34.14,dB,35.61,dB,N,37,33,16.727732,E,126,58,39.962101,2025-10-13-16:32:8
Number,RSSI,,Lower,,Upper,,ACP,Latitude,,,,Longitude,,,,Time
235,-79.79,dBm,-41.39,dBm,34.34,dB,23.21,dB,N,37,33,16.237684,E,126,58,40.811710,2025-10-13-16:32:10
Number,RSSI,,Lower,,Upper,,ACP,Latitude,,,,Longitude,,,,Time
236,-74.06,dBm,-40.16,dBm,31.14,dB,33.28,dB,N,37,33,15.808892,E,126,58,41.661320,2025-10-13-16:32:12
Number,RSSI,,Lower,,Upper,,ACP,Latitude,,,,Longitude,,,,Time
237,-77.71,dBm,-42.18,dBm,23.64,dB,24.78,dB,N,37,33,15.318845,E,126,58,42.433693,2025-10-13-16:32:14
Number,RSSI,,Lower,,Upper,,ACP,Latitude,,,,Longitude,,,,Time
238,-74.12,dBm,-43.24,dBm,34.07,dB,24.56,dB,N,37,33,14.890053,E,126,58,43.051590,2025-10-13-16:32:16
Number,RSSI,,Lower,,Upper,,ACP,Latitude,,,,Longitude,,,,Time
239,-68.87,dBm,-40.56,dBm,25.69,dB,26.34,dB,N,37,33,14.277493,E,126,58,43.746727,2025-10-13-16:32:19
Number,RSSI,,Lower,,Upper,,ACP,Latitude,,,,Longitude,,,,Time
240,-78.54,dBm,-44.37,dBm,21.47,dB,23.19,dB,N,37,33,13.664932,E,126,58,43.901199,2025-10-13-16:32:21
Number,RSSI,,Lower,,Upper,,ACP,Latitude,,,,Longitude,,,,Time
241,-77.40,dBm,-43.91,dBm,22.77,dB,25.09,dB,N,37,33,13.052372,E,126,58,43.978439,2025-10-13-16:32:23
Number,RSSI,,Lower,,Upper,,ACP,Latitude,,,,Longitude,,,,Time
242,-78.87,dBm,-46.20,dBm,32.71,dB,26.09,dB,N,37,33,12.378556,E,126,58,43.978439,2025-10-13-16:32:25
Number,RSSI,,Lower,,Upper,,ACP,Latitude,,,,Longitude,,,,Time
243,-72.61,dBm,-42.57,dBm,26.76,dB,28.48,dB,N,37,33,11.765996,E,126,58,44.210148,2025-10-13-16:32:27
Number,RSSI,,Lower,,Upper,,ACP,Latitude,,,,Longitude,,,,Time
244,-73.45,dBm,-41.89,dBm,22.15,dB,26.77,dB,N,37,33,11.214692,E,126,58,44.673573,2025-10-13-16:32:29
Number,RSSI,,Lower,,Upper,,ACP,Latitude,,,,Longitude,,,,Time
245,-75.59,dBm,-44.27,dBm,27.37,dB,24.77,dB,N,37,33,10.724644,E,126,58,45.214233,2025-10-13-16:32:31
Number,RSSI,,Lower,,Upper,,ACP,Latitude,,,,Longitude,,,,Time
246,-69.30,dBm,-43.74,dBm,32.06,dB,26.62,dB,N,37,33,10.234596,E,126,58,45.754894,2025-10-13-16:32:33
Number,RSSI,,Lower,,Upper,,ACP,Latitude,,,,Longitude,,,,Time
247,-81.24,dBm,-41.41,dBm,27.54,dB,18.98,dB,N,37,33,9.744548,E,126,58,46.372791,2025-10-13-16:32:35
Number,RSSI,,Lower,,Upper,,ACP,Latitude,,,,Longitude,,,,Time
248,-83.12,dBm,-42.80,dBm,37.82,dB,32.34,dB,N,37,33,9.315756,E,126,58,47.067928,2025-10-13-16:32:37
Number,RSSI,,Lower,,Upper,,ACP,Latitude,,,,Longitude,,,,Time
249,-74.15,dBm,-44.08,dBm,29.95,dB,19.33,dB,N,37,33,8.825707,E,126,58,47.763062,2025-10-13-16:32:39
Number,RSSI,,Lower,,Upper,,ACP,Latitude,,,,Longitude,,,,Time
250,-73.85,dBm,-39.26,dBm,35.48,dB,16.66,dB,N,37,33,8.458172,E,126,58,48.380959,2025-10-13-16:32:41
Number,RSSI,,Lower,,Upper,,ACP,Latitude,,,,Longitude,,,,Time
251,-66.87,dBm,-35.57,dBm,31.91,dB,20.89,dB,N,37,33,8.090635,E,126,58,49.153332,2025-10-13-16:32:43
Number,RSSI,,Lower,,Upper,,ACP,Latitude,,,,Longitude,,,,Time
252,-77.19,dBm,-36.95,dBm,38.89,dB,25.39,dB,N,37,33,7.845612,E,126,58,49.848465,2025-10-13-16:32:45
Number,RSSI,,Lower,,Upper,,ACP,Latitude,,,,Longitude,,,,Time
253,-68.50,dBm,-36.47,dBm,26.91,dB,23.96,dB,N,37,33,7.723100,E,126,58,50.620838,2025-10-13-16:32:47
Number,RSSI,,Lower,,Upper,,ACP,Latitude,,,,Longitude,,,,Time
254,-71.56,dBm,-39.96,dBm,21.32,dB,27.08,dB,N,37,33,7.784356,E,126,58,51.393211,2025-10-13-16:32:49
Number,RSSI,,Lower,,Upper,,ACP,Latitude,,,,Longitude,,,,Time
255,-66.55,dBm,-35.61,dBm,32.06,dB,23.52,dB,N,37,33,7.845612,E,126,58,52.088345,2025-10-13-16:32:51
Number,RSSI,,Lower,,Upper,,ACP,Latitude,,,,Longitude,,,,Time
256,-69.22,dBm,-30.67,dBm,35.98,dB,23.95,dB,N,37,33,7.906868,E,126,58,52.783482,2025-10-13-16:32:53
Number,RSSI,,Lower,,Upper,,ACP,Latitude,,,,Longitude,,,,Time
257,-66.40,dBm,-28.56,dBm,30.69,dB,20.86,dB,N,37,33,7.906868,E,126,58,53.401379,2025-10-13-16:32:55
Number,RSSI,,Lower,,Upper,,ACP,Latitude,,,,Longitude,,,,Time
258,-67.36,dBm,-33.08,dBm,47.46,dB,25.32,dB,N,37,33,7.968123,E,126,58,54.096512,2025-10-13-16:32:58
Number,RSSI,,Lower,,Upper,,ACP,Latitude,,,,Longitude,,,,Time
259,-81.51,dBm,-37.21,dBm,28.97,dB,20.25,dB,N,37,33,7.906868,E,126,58,54.714413,2025-10-13-16:33:19
Number,RSSI,,Lower,,Upper,,ACP,Latitude,,,,Longitude,,,,Time
260,-76.13,dBm,-36.45,dBm,31.53,dB,21.79,dB,N,37,33,7.906868,E,126,58,55.332310,2025-10-13-16:33:24
Number,RSSI,,Lower,,Upper,,ACP,Latitude,,,,Longitude,,,,Time
261,-79.44,dBm,-36.48,dBm,28.98,dB,24.16,dB,N,37,33,8.396915,E,126,58,55.950207,2025-10-13-16:33:29
Number,RSSI,,Lower,,Upper,,ACP,Latitude,,,,Longitude,,,,Time
262,-74.30,dBm,-41.24,dBm,29.71,dB,19.86,dB,N,37,33,8.886964,E,126,58,56.181919,2025-10-13-16:33:33
Number,RSSI,,Lower,,Upper,,ACP,Latitude,,,,Longitude,,,,Time
263,-74.22,dBm,-32.92,dBm,35.64,dB,25.44,dB,N,37,33,9.377011,E,126,58,56.413631,2025-10-13-16:33:42
Number,RSSI,,Lower,,Upper,,ACP,Latitude,,,,Longitude,,,,Time
264,-74.90,dBm,-33.80,dBm,36.74,dB,24.42,dB,N,37,33,9.867060,E,126,58,56.568104,2025-10-13-16:33:49
Number,RSSI,,Lower,,Upper,,ACP,Latitude,,,,Longitude,,,,Time
265,-81.75,dBm,-40.34,dBm,23.79,dB,16.33,dB,N,37,33,10.357108,E,126,58,56.799816,2025-10-13-16:33:53
Number,RSSI,,Lower,,Upper,,ACP,Latitude,,,,Longitude,,,,Time
266,-72.88,dBm,-39.54,dBm,37.14,dB,20.65,dB,N,37,33,10.847156,E,126,58,56.799816,2025-10-13-16:33:57
Number,RSSI,,Lower,,Upper,,ACP,Latitude,,,,Longitude,,,,Time
267,-81.08,dBm,-42.97,dBm,31.04,dB,25.76,dB,N,37,33,11.337204,E,126,58,56.490868,2025-10-13-16:34:1
Number,RSSI,,Lower,,Upper,,ACP,Latitude,,,,Longitude,,,,Time
268,-70.10,dBm,-30.57,dBm,38.16,dB,21.14,dB,N,37,33,11.827252,E,126,58,55.950207,2025-10-13-16:34:5
Number,RSSI,,Lower,,Upper,,ACP,Latitude,,,,Longitude,,,,Time
269,-74.49,dBm,-31.31,dBm,34.74,dB,23.60,dB,N,37,33,12.256044,E,126,58,55.255070,2025-10-13-16:34:9
Number,RSSI,,Lower,,Upper,,ACP,Latitude,,,,Longitude,,,,Time
270,-68.64,dBm,-29.58,dBm,29.85,dB,24.96,dB,N,37,33,12.501068,E,126,58,54.637173,2025-10-13-16:34:13
Number,RSSI,,Lower,,Upper,,ACP,Latitude,,,,Longitude,,,,Time
271,-65.38,dBm,-33.40,dBm,29.83,dB,21.34,dB,N,37,33,12.807348,E,126,58,53.942039,2025-10-13-16:34:18
Number,RSSI,,Lower,,Upper,,ACP,Latitude,,,,Longitude,,,,Time
272,-73.73,dBm,-38.33,dBm,24.74,dB,28.12,dB,N,37,33,12.929860,E,126,58,53.324142,2025-10-13-16:34:22
Number,RSSI,,Lower,,Upper,,ACP,Latitude,,,,Longitude,,,,Time
273,-75.85,dBm,-35.56,dBm,30.44,dB,22.36,dB,N,37,33,13.113628,E,126,58,52.706242,2025-10-13-16:34:26
Number,RSSI,,Lower,,Upper,,ACP,Latitude,,,,Longitude,,,,Time
274,-77.32,dBm,-42.09,dBm,22.25,dB,25.24,dB,N,37,33,13.603676,E,126,58,52.320057,2025-10-13-16:34:33
Number,RSSI,,Lower,,Upper,,ACP,Latitude,,,,Longitude,,,,Time
275,-80.74,dBm,-40.95,dBm,25.74,dB,33.20,dB,N,37,33,14.154981,E,126,58,52.629005,2025-10-13-16:34:39
Number,RSSI,,Lower,,Upper,,ACP,Latitude,,,,Longitude,,,,Time
276,-73.72,dBm,-38.73,dBm,28.63,dB,20.68,dB,N,37,33,14.645028,E,126,58,52.860718,2025-10-13-16:34:45
Number,RSSI,,Lower,,Upper,,ACP,Latitude,,,,Longitude,,,,Time
277,-79.51,dBm,-32.18,dBm,27.60,dB,19.55,dB,N,37,33,15.135077,E,126,58,52.629005,2025-10-13-16:34:55
Number,RSSI,,Lower,,Upper,,ACP,Latitude,,,,Longitude,,,,Time
278,-69.88,dBm,-34.22,dBm,24.80,dB,35.32,dB,N,37,33,15.380100,E,126,58,52.011108,2025-10-13-16:35:2
Number,RSSI,,Lower,,Upper,,ACP,Latitude,,,,Longitude,,,,Time
279,-72.34,dBm,-32.93,dBm,23.63,dB,30.26,dB,N,37,33,14.890053,E,126,58,51.547684,2025-10-13-16:35:10
Number,RSSI,,Lower,,Upper,,ACP,Latitude,,,,Longitude,,,,Time
280,-73.27,dBm,-31.28,dBm,20.56,dB,19.78,dB,N,37,33,14.400004,E,126,58,51.315975,2025-10-13-16:35:16
Number,RSSI,,Lower,,Upper,,ACP,Latitude,,,,Longitude,,,,Time
281,-73.76,dBm,-34.41,dBm,26.59,dB,27.44,dB,N,37,33,13.909956,E,126,58,51.315975,2025-10-13-16:35:24
Number,RSSI,,Lower,,Upper,,ACP,Latitude,,,,Longitude,,,,Time
282,-74.35,dBm,-38.44,dBm,29.98,dB,26.25,dB,N,37,33,13.603676,E,126,58,51.933872,2025-10-13-16:35:32
Number,RSSI,,Lower,,Upper,,ACP,Latitude,,,,Longitude,,,,Time
283,-80.05,dBm,-36.66,dBm,19.83,dB,31.10,dB,N,37,33,13.113628,E,126,58,52.397293,2025-10-13-16:35:39
Number,RSSI,,Lower,,Upper,,ACP,Latitude,,,,Longitude,,,,Time
284,-72.57,dBm,-35.11,dBm,43.75,dB,22.99,dB,N,37,33,12.868604,E,126,58,53.092430,2025-10-13-16:35:45
Number,RSSI,,Lower,,Upper,,ACP,Latitude,,,,Longitude,,,,Time
285,-74.38,dBm,-31.16,dBm,40.91,dB,29.41,dB,N,37,33,12.684836,E,126,58,53.787563,2025-10-13-16:35:49
Number,RSSI,,Lower,,Upper,,ACP,Latitude,,,,Longitude,,,,Time
286,-65.69,dBm,-32.21,dBm,28.30,dB,28.04,dB,N,37,33,12.439812,E,126,58,54.405460,2025-10-13-16:35:52
Number,RSSI,,Lower,,Upper,,ACP,Latitude,,,,Longitude,,,,Time
287,-64.01,dBm,-29.71,dBm,36.54,dB,22.12,dB,N,37,33,12.133533,E,126,58,55.100597,2025-10-13-16:35:55
Number,RSSI,,Lower,,Upper,,ACP,Latitude,,,,Longitude,,,,Time
288,-77.07,dBm,-32.74,dBm,42.77,dB,21.49,dB,N,37,33,11.827252,E,126,58,55.718494,2025-10-13-16:35:58
Number,RSSI,,Lower,,Upper,,ACP,Latitude,,,,Longitude,,,,Time
289,-86.27,dBm,-45.34,dBm,22.94,dB,30.72,dB,N,37,33,11.337204,E,126,58,56.336391,2025-10-13-16:36:2
Number,RSSI,,Lower,,Upper,,ACP,Latitude,,,,Longitude,,,,Time
290,-74.88,dBm,-39.65,dBm,33.42,dB,25.88,dB,N,37,33,10.847156,E,126,58,56.645340,2025-10-13-16:36:6
Number,RSSI,,Lower,,Upper,,ACP,Latitude,,,,Longitude,,,,Time
291,-73.96,dBm,-35.17,dBm,39.90,dB,18.89,dB,N,37,33,10.295852,E,126,58,56.568104,2025-10-13-16:36:11
Number,RSSI,,Lower,,Upper,,ACP,Latitude,,,,Longitude,,,,Time
292,-76.94,dBm,-37.74,dBm,43.08,dB,22.75,dB,N,37,33,9.805804,E,126,58,56.413631,2025-10-13-16:36:18
Number,RSSI,,Lower,,Upper,,ACP,Latitude,,,,Longitude,,,,Time
293,-64.09,dBm,-28.58,dBm,39.04,dB,24.35,dB,N,37,33,9.315756,E,126,58,56.104679,2025-10-13-16:38:51
Number,RSSI,,Lower,,Upper,,ACP,Latitude,,,,Longitude,,,,Time
294,-65.08,dBm,-27.26,dBm,41.81,dB,24.09,dB,N,37,33,8.825707,E,126,58,55.872971,2025-10-13-16:38:55
Number,RSSI,,Lower,,Upper,,ACP,Latitude,,,,Longitude,,,,Time
295,-64.75,dBm,-27.31,dBm,37.09,dB,26.34,dB,N,37,33,8.396915,E,126,58,55.255070,2025-10-13-16:39:1
Number,RSSI,,Lower,,Upper,,ACP,Latitude,,,,Longitude,,,,Time
296,-63.96,dBm,-27.09,dBm,34.24,dB,20.32,dB,N,37,33,8.396915,E,126,58,54.559937,2025-10-13-16:39:5
Number,RSSI,,Lower,,Upper,,ACP,Latitude,,,,Longitude,,,,Time
297,-64.95,dBm,-27.71,dBm,30.99,dB,24.04,dB,N,37,33,8.335660,E,126,58,53.864803,2025-10-13-16:39:9
Number,RSSI,,Lower,,Upper,,ACP,Latitude,,,,Longitude,,,,Time
298,-71.94,dBm,-33.26,dBm,36.97,dB,24.91,dB,N,37,33,8.274404,E,126,58,53.246902,2025-10-13-16:39:16
Number,RSSI,,Lower,,Upper,,ACP,Latitude,,,,Longitude,,,,Time
299,-65.66,dBm,-29.28,dBm,39.62,dB,31.14,dB,N,37,33,8.151892,E,126,58,52.474533,2025-10-13-16:39:20
Number,RSSI,,Lower,,Upper,,ACP,Latitude,,,,Longitude,,,,Time
300,-64.35,dBm,-28.69,dBm,45.66,dB,28.25,dB,N,37,33,8.029380,E,126,58,51.624924,2025-10-13-16:39:23
Number,RSSI,,Lower,,Upper,,ACP,Latitude,,,,Longitude,,,,Time
301,-68.33,dBm,-34.68,dBm,38.82,dB,33.51,dB,N,37,33,7.968123,E,126,58,50.775314,2025-10-13-16:39:26
Number,RSSI,,Lower,,Upper,,ACP,Latitude,,,,Longitude,,,,Time
302,-68.51,dBm,-31.37,dBm,48.62,dB,23.67,dB,N,37,33,8.029380,E,126,58,49.925705,2025-10-13-16:39:28
Number,RSSI,,Lower,,Upper,,ACP,Latitude,,,,Longitude,,,,Time
303,-71.09,dBm,-32.87,dBm,40.90,dB,25.25,dB,N,37,33,8.213147,E,126,58,49.307804,2025-10-13-16:39:30
Number,RSSI,,Lower,,Upper,,ACP,Latitude,,,,Longitude,,,,Time
304,-75.38,dBm,-35.96,dBm,38.30,dB,22.52,dB,N,37,33,8.703196,E,126,58,48.458195,2025-10-13-16:39:33
Number,RSSI,,Lower,,Upper,,ACP,Latitude,,,,Longitude,,,,Time
305,-84.26,dBm,-42.97,dBm,38.44,dB,28.89,dB,N,37,33,9.254499,E,126,58,47.608585,2025-10-13-16:39:36
Number,RSSI,,Lower,,Upper,,ACP,Latitude,,,,Longitude,,,,Time
306,-81.45,dBm,-43.26,dBm,27.58,dB,27.09,dB,N,37,33,9.805804,E,126,58,46.758976,2025-10-13-16:39:39
Number,RSSI,,Lower,,Upper,,ACP,Latitude,,,,Longitude,,,,Time
307,-78.15,dBm,-48.38,dBm,28.22,dB,24.38,dB,N,37,33,10.418364,E,126,58,46.218319,2025-10-13-16:39:42
Number,RSSI,,Lower,,Upper,,ACP,Latitude,,,,Longitude,,,,Time
308,-85.46,dBm,-43.20,dBm,30.86,dB,29.88,dB,N,37,33,10.908412,E,126,58,45.986607,2025-10-13-16:39:44
Number,RSSI,,Lower,,Upper,,ACP,Latitude,,,,Longitude,,,,Time
309,-77.37,dBm,-44.93,dBm,21.50,dB,33.52,dB,N,37,33,11.398460,E,126,58,45.909367,2025-10-13-16:39:46
Number,RSSI,,Lower,,Upper,,ACP,Latitude,,,,Longitude,,,,Time
310,-80.30,dBm,-43.36,dBm,26.02,dB,33.92,dB,N,37,33,11.888508,E,126,58,45.832130,2025-10-13-16:39:48
Number,RSSI,,Lower,,Upper,,ACP,Latitude,,,,Longitude,,,,Time
311,-78.05,dBm,-49.14,dBm,22.36,dB,25.21,dB,N,37,33,12.378556,E,126,58,45.832130,2025-10-13-16:39:50
Number,RSSI,,Lower,,Upper,,ACP,Latitude,,,,Longitude,,,,Time
312,-73.25,dBm,-44.87,dBm,28.23,dB,31.39,dB,N,37,33,12.868604,E,126,58,45.986607,2025-10-13-16:39:53
Number,RSSI,,Lower,,Upper,,ACP,Latitude,,,,Longitude,,,,Time
313,-75.84,dBm,-43.60,dBm,25.78,dB,27.99,dB,N,37,33,13.358652,E,126,58,46.141079,2025-10-13-16:39:55
Number,RSSI,,Lower,,Upper,,ACP,Latitude,,,,Longitude,,,,Time
314,-78.33,dBm,-48.19,dBm,21.83,dB,29.56,dB,N,37,33,13.848701,E,126,58,46.372791,2025-10-13-16:39:57
Number,RSSI,,Lower,,Upper,,ACP,Latitude,,,,Longitude,,,,Time
315,-79.77,dBm,-47.40,dBm,29.67,dB,21.41,dB,N,37,33,14.400004,E,126,58,46.681740,2025-10-13-16:39:59
Number,RSSI,,Lower,,Upper,,ACP,Latitude,,,,Longitude,,,,Time
316,-74.40,dBm,-42.60,dBm,27.86,dB,42.27,dB,N,37,33,14.890053,E,126,58,46.990688,2025-10-13-16:40:1
Number,RSSI,,Lower,,Upper,,ACP,Latitude,,,,Longitude,,,,Time
317,-83.28,dBm,-54.36,dBm,30.11,dB,37.67,dB,N,37,33,15.563869,E,126,58,47.685825,2025-10-13-16:40:4
Number,RSSI,,Lower,,Upper,,ACP,Latitude,,,,Longitude,,,,Time
318,-75.81,dBm,-47.73,dBm,25.65,dB,29.07,dB,N,37,33,15.992661,E,126,58,48.535435,2025-10-13-16:40:7
Number,RSSI,,Lower,,Upper,,ACP,Latitude,,,,Longitude,,,,Time
319,-77.81,dBm,-46.11,dBm,26.78,dB,35.92,dB,N,37,33,16.543964,E,126,58,49.385044,2025-10-13-16:40:9
Number,RSSI,,Lower,,Upper,,ACP,Latitude,,,,Longitude,,,,Time
320,-80.84,dBm,-51.12,dBm,24.26,dB,23.27,dB,N,37,33,16.972757,E,126,58,50.157413,2025-10-13-16:40:11
Number,RSSI,,Lower,,Upper,,ACP,Latitude,,,,Longitude,,,,Time
321,-79.82,dBm,-48.57,dBm,28.77,dB,32.11,dB,N,37,33,17.217781,E,126,58,50.852551,2025-10-13-16:40:13
Number,RSSI,,Lower,,Upper,,ACP,Latitude,,,,Longitude,,,,Time
322,-77.40,dBm,-49.30,dBm,30.33,dB,25.51,dB,N,37,33,17.401548,E,126,58,51.624924,2025-10-13-16:40:16
Number,RSSI,,Lower,,Upper,,ACP,Latitude,,,,Longitude,,,,Time
323,-73.36,dBm,-40.18,dBm,22.12,dB,33.19,dB,N,37,33,18.014109,E,126,58,51.856632,2025-10-13-16:40:20
Number,RSSI,,Lower,,Upper,,ACP,Latitude,,,,Longitude,,,,Time
324,-68.28,dBm,-36.10,dBm,25.88,dB,31.04,dB,N,37,33,18.565413,E,126,58,51.161499,2025-10-13-16:40:23
Number,RSSI,,Lower,,Upper,,ACP,Latitude,,,,Longitude,,,,Time
325,-76.47,dBm,-38.57,dBm,26.27,dB,25.83,dB,N,37,33,18.932949,E,126,58,50.543602,2025-10-13-16:40:25
Number,RSSI,,Lower,,Upper,,ACP,Latitude,,,,Longitude,,,,Time
326,-73.48,dBm,-39.45,dBm,25.08,dB,33.46,dB,N,37,33,19.300486,E,126,58,49.848465,2025-10-13-16:40:27
Number,RSSI,,Lower,,Upper,,ACP,Latitude,,,,Longitude,,,,Time
327,-84.90,dBm,-36.69,dBm,31.02,dB,36.89,dB,N,37,33,19.729277,E,126,58,49.076096,2025-10-13-16:40:29
Number,RSSI,,Lower,,Upper,,ACP,Latitude,,,,Longitude,,,,Time
328,-79.72,dBm,-39.11,dBm,25.75,dB,28.86,dB,N,37,33,20.096813,E,126,58,48.380959,2025-10-13-16:40:31
Number,RSSI,,Lower,,Upper,,ACP,Latitude,,,,Longitude,,,,Time
329,-76.32,dBm,-40.76,dBm,31.83,dB,26.88,dB,N,37,33,20.464350,E,126,58,47.763062,2025-10-13-16:40:33
Number,RSSI,,Lower,,Upper,,ACP,Latitude,,,,Longitude,,,,Time
330,-67.44,dBm,-34.91,dBm,27.75,dB,23.15,dB,N,37,33,20.831884,E,126,58,47.067928,2025-10-13-16:40:35
Number,RSSI,,Lower,,Upper,,ACP,Latitude,,,,Longitude,,,,Time
331,-70.74,dBm,-36.35,dBm,24.88,dB,32.38,dB,N,37,33,21.138165,E,126,58,46.450027,2025-10-13-16:40:37
Number,RSSI,,Lower,,Upper,,ACP,Latitude,,,,Longitude,,,,Time
332,-68.70,dBm,-34.02,dBm,21.42,dB,29.20,dB,N,37,33,21.505701,E,126,58,45.832130,2025-10-13-16:40:39
Number,RSSI,,Lower,,Upper,,ACP,Latitude,,,,Longitude,,,,Time
333,-76.90,dBm,-37.76,dBm,31.53,dB,28.65,dB,N,37,33,21.934494,E,126,58,44.982521,2025-10-13-16:40:42
Number,RSSI,,Lower,,Upper,,ACP,Latitude,,,,Longitude,,,,Time
334,-81.41,dBm,-43.71,dBm,25.71,dB,22.46,dB,N,37,33,22.179518,E,126,58,44.132912,2025-10-13-16:40:45
Number,RSSI,,Lower,,Upper,,ACP,Latitude,,,,Longitude,,,,Time
335,-76.07,dBm,-43.52,dBm,35.76,dB,25.48,dB,N,37,33,22.240774,E,126,58,43.515015,2025-10-13-16:40:47
Number,RSSI,,Lower,,Upper,,ACP,Latitude,,,,Longitude,,,,Time
336,-75.85,dBm,-42.78,dBm,33.65,dB,16.47,dB,N,37,33,22.179518,E,126,58,42.897118,2025-10-13-16:40:49
Number,RSSI,,Lower,,Upper,,ACP,Latitude,,,,Longitude,,,,Time
337,-69.30,dBm,-44.20,dBm,20.53,dB,22.97,dB,N,37,33,22.118261,E,126,58,42.279221,2025-10-13-16:40:51
Number,RSSI,,Lower,,Upper,,ACP,Latitude,,,,Longitude,,,,Time
338,-67.29,dBm,-37.62,dBm,29.00,dB,28.07,dB,N,37,33,22.057005,E,126,58,41.661320,2025-10-13-16:40:53
Number,RSSI,,Lower,,Upper,,ACP,Latitude,,,,Longitude,,,,Time
339,-71.61,dBm,-39.22,dBm,39.45,dB,29.99,dB,N,37,33,21.995749,E,126,58,41.043423,2025-10-13-16:40:55
Number,RSSI,,Lower,,Upper,,ACP,Latitude,,,,Longitude,,,,Time
340,-76.94,dBm,-35.14,dBm,31.46,dB,23.85,dB,N,37,33,21.934494,E,126,58,40.348289,2025-10-13-16:40:58
Number,RSSI,,Lower,,Upper,,ACP,Latitude,,,,Longitude,,,,Time
341,-83.84,dBm,-39.00,dBm,32.30,dB,29.64,dB,N,37,33,21.873238,E,126,58,39.730392,2025-10-13-16:41:1
Number,RSSI,,Lower,,Upper,,ACP,Latitude,,,,Longitude,,,,Time
342,-72.33,dBm,-41.65,dBm,39.34,dB,37.37,dB,N,37,33,21.811981,E,126,58,39.112492,2025-10-13-16:41:5
Number,RSSI,,Lower,,Upper,,ACP,Latitude,,,,Longitude,,,,Time
343,-72.69,dBm,-38.53,dBm,21.67,dB,25.72,dB,N,37,33,21.628214,E,126,58,38.494595,2025-10-13-16:41:31
Number,RSSI,,Lower,,Upper,,ACP,Latitude,,,,Longitude,,,,Time
344,-75.39,dBm,-37.48,dBm,26.01,dB,27.30,dB,N,37,33,21.444445,E,126,58,37.799461,2025-10-13-16:41:34
Number,RSSI,,Lower,,Upper,,ACP,Latitude,,,,Longitude,,,,Time
345,-78.68,dBm,-34.87,dBm,19.34,dB,23.76,dB,N,37,33,21.076910,E,126,58,37.104324,2025-10-13-16:41:37
Number,RSSI,,Lower,,Upper,,ACP,Latitude,,,,Longitude,,,,Time
346,-76.92,dBm,-36.82,dBm,23.88,dB,35.63,dB,N,37,33,20.525604,E,126,58,36.640903,2025-10-13-16:41:40
Number,RSSI,,Lower,,Upper,,ACP,Latitude,,,,Longitude,,,,Time
347,-65.58,dBm,-31.65,dBm,18.77,dB,30.12,dB,N,37,33,20.035557,E,126,58,36.331955,2025-10-13-16:41:42
Number,RSSI,,Lower,,Upper,,ACP,Latitude,,,,Longitude,,,,Time
348,-70.30,dBm,-34.83,dBm,42.45,dB,26.09,dB,N,37,33,19.361740,E,126,58,36.177479,2025-10-13-16:41:45
Number,RSSI,,Lower,,Upper,,ACP,Latitude,,,,Longitude,,,,Time
349,-71.35,dBm,-34.59,dBm,19.95,dB,24.03,dB,N,37,33,18.749182,E,126,58,36.640903,2025-10-13-16:41:48
Number,RSSI,,Lower,,Upper,,ACP,Latitude,,,,Longitude,,,,Time
350,-68.87,dBm,-34.55,dBm,27.11,dB,26.07,dB,N,37,33,18.259132,E,126,58,37.336037,2025-10-13-16:41:51
Number,RSSI,,Lower,,Upper,,ACP,Latitude,,,,Longitude,,,,Time
351,-75.21,dBm,-37.11,dBm,18.16,dB,34.74,dB,N,37,33,17.769085,E,126,58,38.108410,2025-10-13-16:41:55
Number,RSSI,,Lower,,Upper,,ACP,Latitude,,,,Longitude,,,,Time
352,-74.83,dBm,-35.57,dBm,35.95,dB,28.70,dB,N,37,33,17.401548,E,126,58,38.726307,2025-10-13-16:41:56
Number,RSSI,,Lower,,Upper,,ACP,Latitude,,,,Longitude,,,,Time
353,-71.13,dBm,-38.93,dBm,23.10,dB,24.24,dB,N,37,33,17.034012,E,126,58,39.344204,2025-10-13-16:41:58
Number,RSSI,,Lower,,Upper,,ACP,Latitude,,,,Longitude,,,,Time
354,-77.47,dBm,-37.60,dBm,22.27,dB,26.85,dB,N,37,33,16.666477,E,126,58,39.962101,2025-10-13-16:42:1
Number,RSSI,,Lower,,Upper,,ACP,Latitude,,,,Longitude,,,,Time
355,-73.51,dBm,-37.92,dBm,29.66,dB,37.61,dB,N,37,33,16.237684,E,126,58,40.580002,2025-10-13-16:42:3
Number,RSSI,,Lower,,Upper,,ACP,Latitude,,,,Longitude,,,,Time
356,-73.93,dBm,-40.21,dBm,17.62,dB,30.47,dB,N,37,33,15.808892,E,126,58,41.275135,2025-10-13-16:42:5
Number,RSSI,,Lower,,Upper,,ACP,Latitude,,,,Longitude,,,,Time
357,-76.04,dBm,-43.88,dBm,20.87,dB,36.85,dB,N,37,33,15.380100,E,126,58,41.970272,2025-10-13-16:42:7
Number,RSSI,,Lower,,Upper,,ACP,Latitude,,,,Longitude,,,,Time
358,-76.45,dBm,-44.69,dBm,36.56,dB,28.62,dB,N,37,33,14.951308,E,126,58,42.665405,2025-10-13-16:42:9
Number,RSSI,,Lower,,Upper,,ACP,Latitude,,,,Longitude,,,,Time
359,-74.67,dBm,-43.79,dBm,25.83,dB,27.27,dB,N,37,33,14.461261,E,126,58,43.283302,2025-10-13-16:42:12
Number,RSSI,,Lower,,Upper,,ACP,Latitude,,,,Longitude,,,,Time
360,-81.37,dBm,-42.47,dBm,32.06,dB,35.28,dB,N,37,33,13.909956,E,126,58,43.360538,2025-10-13-16:42:15
Number,RSSI,,Lower,,Upper,,ACP,Latitude,,,,Longitude,,,,Time
361,-77.66,dBm,-42.98,dBm,27.88,dB,28.65,dB,N,37,33,13.358652,E,126,58,43.283302,2025-10-13-16:42:18
Number,RSSI,,Lower,,Upper,,ACP,Latitude,,,,Longitude,,,,Time
362,-84.64,dBm,-42.69,dBm,26.51,dB,46.66,dB,N,37,33,12.868604,E,126,58,43.128830,2025-10-13-16:42:21
Number,RSSI,,Lower,,Upper,,ACP,Latitude,,,,Longitude,,,,Time
363,-77.87,dBm,-42.71,dBm,15.92,dB,29.98,dB,N,37,33,12.317300,E,126,58,43.128830,2025-10-13-16:42:24
Number,RSSI,,Lower,,Upper,,ACP,Latitude,,,,Longitude,,,,Time
364,-86.15,dBm,-46.53,dBm,37.04,dB,34.97,dB,N,37,33,11.765996,E,126,58,43.206066,2025-10-13-16:42:27
Number,RSSI,,Lower,,Upper,,ACP,Latitude,,,,Longitude,,,,Time
365,-80.08,dBm,-45.87,dBm,27.23,dB,33.98,dB,N,37,33,11.275948,E,126,58,43.515015,2025-10-13-16:42:30
Number,RSSI,,Lower,,Upper,,ACP,Latitude,,,,Longitude,,,,Time
366,-79.55,dBm,-47.55,dBm,25.08,dB,29.19,dB,N,37,33,10.785900,E,126,58,43.978439,2025-10-13-16:42:33
Number,RSSI,,Lower,,Upper,,ACP,Latitude,,,,Longitude,,,,Time
367,-76.30,dBm,-44.71,dBm,22.53,dB,30.66,dB,N,37,33,10.173340,E,126,58,44.441860,2025-10-13-16:42:36
Number,RSSI,,Lower,,Upper,,ACP,Latitude,,,,Longitude,,,,Time
368,-77.62,dBm,-48.78,dBm,26.92,dB,28.97,dB,N,37,33,9.683291,E,126,58,44.905285,2025-10-13-16:42:39
Number,RSSI,,Lower,,Upper,,ACP,Latitude,,,,Longitude,,,,Time
369,-82.30,dBm,-47.14,dBm,25.77,dB,29.77,dB,N,37,33,9.193244,E,126,58,45.368710,2025-10-13-16:42:42
Number,RSSI,,Lower,,Upper,,ACP,Latitude,,,,Longitude,,,,Time
370,-73.39,dBm,-44.99,dBm,27.95,dB,19.11,dB,N,37,33,8.703196,E,126,58,45.909367,2025-10-13-16:42:45
Number,RSSI,,Lower,,Upper,,ACP,Latitude,,,,Longitude,,,,Time
371,-77.32,dBm,-48.88,dBm,26.07,dB,24.62,dB,N,37,33,8.151892,E,126,58,46.372791,2025-10-13-16:42:48
Number,RSSI,,Lower,,Upper,,ACP,Latitude,,,,Longitude,,,,Time
372,-85.77,dBm,-52.14,dBm,31.11,dB,30.73,dB,N,37,33,7.600587,E,126,58,46.836216,2025-10-13-16:42:52
Number,RSSI,,Lower,,Upper,,ACP,Latitude,,,,Longitude,,,,Time
373,-78.95,dBm,-42.07,dBm,21.56,dB,18.38,dB,N,37,33,7.049284,E,126,58,47.376877,2025-10-13-16:42:56
Number,RSSI,,Lower,,Upper,,ACP,Latitude,,,,Longitude,,,,Time
374,-72.12,dBm,-38.21,dBm,26.87,dB,33.69,dB,N,37,33,6.559236,E,126,58,47.840298,2025-10-13-16:43:0
Number,RSSI,,Lower,,Upper,,ACP,Latitude,,,,Longitude,,,,Time
375,-76.32,dBm,-37.57,dBm,32.66,dB,18.94,dB,N,37,33,6.314211,E,126,58,48.535435,2025-10-13-16:43:4
